N	P	M	v0	beta	num_steps
10	50	48	2.000000e-01	7.000000e-01	1000
0	0.000000e+00	1.000000e-01	0
1	4.618336e-02	1.000000e-01	1
2	5.944566e-02	1.000000e-01	1
3	9.337995e-02	1.000000e-01	1
4	1.028097e-01	1.000000e-01	1
5	9.115827e-02	1.000000e-01	1
6	9.552998e-02	1.000000e-01	1
7	1.673571e-01	1.000000e-01	1
8	1.643163e-01	1.000000e-01	1
9	1.472994e-01	1.000000e-01	1
10	1.602161e-01	1.000000e-01	1
11	1.726853e-01	1.000000e-01	1
12	1.650936e-01	1.000000e-01	1
13	1.651396e-01	1.000000e-01	1
14	1.662848e-01	1.000000e-01	1
15	1.666876e-01	1.000000e-01	1
16	1.658112e-01	1.000000e-01	1
17	2.111436e-01	1.000000e-01	1
18	1.894720e-01	1.000000e-01	1
19	1.977564e-01	1.000000e-01	1
20	2.414856e-01	1.000000e-01	1
21	3.209031e-01	1.000000e-01	1
22	3.102334e-01	1.000000e-01	1
23	2.854936e-01	1.000000e-01	1
24	3.094635e-01	1.000000e-01	1
25	2.943378e-01	1.000000e-01	1
26	2.943378e-01	1.000000e-01	0
27	3.497121e-01	1.000000e-01	1
28	3.497121e-01	1.000000e-01	0
29	3.021229e-01	1.000000e-01	1
30	3.119472e-01	1.000000e-01	1
31	2.863112e-01	1.000000e-01	1
32	2.952587e-01	1.000000e-01	1
33	2.272256e-01	1.000000e-01	1
34	2.139009e-01	1.000000e-01	1
35	2.139009e-01	1.000000e-01	0
36	2.292130e-01	1.000000e-01	1
37	2.187020e-01	1.000000e-01	1
38	2.187020e-01	1.000000e-01	0
39	1.884267e-01	1.000000e-01	1
40	1.657373e-01	1.000000e-01	1
41	1.906270e-01	1.000000e-01	1
42	1.987072e-01	1.000000e-01	1
43	2.438922e-01	1.000000e-01	1
44	1.869537e-01	1.000000e-01	1
45	1.948559e-01	1.000000e-01	1
46	1.893993e-01	1.000000e-01	1
47	1.967067e-01	1.000000e-01	1
48	1.845685e-01	1.000000e-01	1
49	1.833579e-01	1.000000e-01	1
50	1.998060e-01	1.000000e-01	1
51	1.989534e-01	1.000000e-01	1
52	2.219139e-01	1.000000e-01	1
53	2.337686e-01	1.000000e-01	1
54	2.124016e-01	1.000000e-01	1
55	2.233053e-01	1.000000e-01	1
56	2.212503e-01	1.000000e-01	1
57	2.425577e-01	1.000000e-01	1
58	3.016014e-01	1.000000e-01	1
59	2.983934e-01	1.000000e-01	1
60	3.062889e-01	1.000000e-01	1
61	3.262120e-01	1.000000e-01	1
62	4.035415e-01	1.000000e-01	1
63	4.047705e-01	1.000000e-01	1
64	4.294340e-01	1.000000e-01	1
65	4.494332e-01	1.000000e-01	1
66	4.410505e-01	1.000000e-01	1
67	4.410505e-01	1.000000e-01	0
68	4.838052e-01	1.000000e-01	1
69	4.829481e-01	1.000000e-01	1
70	4.772658e-01	1.000000e-01	1
71	4.846271e-01	1.000000e-01	1
72	4.954176e-01	1.000000e-01	1
73	4.081724e-01	1.000000e-01	1
74	4.351865e-01	1.000000e-01	1
75	4.558333e-01	1.000000e-01	1
76	4.570575e-01	1.000000e-01	1
77	4.841947e-01	1.000000e-01	1
78	4.453165e-01	1.000000e-01	1
79	4.402604e-01	1.000000e-01	1
80	3.946203e-01	1.000000e-01	1
81	3.946203e-01	1.000000e-01	0
82	4.056087e-01	1.000000e-01	1
83	4.056087e-01	1.000000e-01	0
84	4.056087e-01	1.000000e-01	0
85	4.159765e-01	1.000000e-01	1
86	4.014251e-01	1.000000e-01	1
87	4.014251e-01	1.000000e-01	0
88	3.981125e-01	1.000000e-01	1
89	3.846938e-01	1.000000e-01	1
90	4.431383e-01	1.000000e-01	1
91	4.275899e-01	1.000000e-01	1
92	4.582458e-01	1.000000e-01	1
93	4.716993e-01	1.000000e-01	1
94	6.301079e-01	1.000000e-01	1
95	6.135434e-01	1.000000e-01	1
96	5.732969e-01	1.000000e-01	1
97	6.469088e-01	1.000000e-01	1
98	6.886396e-01	1.000000e-01	1
99	6.880813e-01	1.000000e-01	1
100	7.122330e-01	1.000000e-01	1
101	6.596016e-01	1.000000e-01	1
102	7.164360e-01	1.000000e-01	1
103	7.164360e-01	1.000000e-01	0
104	6.638636e-01	1.000000e-01	1
105	7.308074e-01	1.000000e-01	1
106	8.103834e-01	1.000000e-01	1
107	8.136982e-01	1.000000e-01	1
108	8.473500e-01	1.000000e-01	1
109	9.051010e-01	1.000000e-01	1
110	9.669172e-01	1.000000e-01	1
111	9.669172e-01	1.000000e-01	0
112	9.669172e-01	1.000000e-01	0
113	9.814681e-01	1.000000e-01	1
114	9.311407e-01	1.000000e-01	1
115	8.936676e-01	1.000000e-01	1
116	8.461671e-01	1.000000e-01	1
117	8.635157e-01	1.000000e-01	1
118	8.697825e-01	1.000000e-01	1
119	9.141541e-01	1.000000e-01	1
120	9.141541e-01	1.000000e-01	0
121	9.141541e-01	1.000000e-01	0
122	8.475554e-01	1.000000e-01	1
123	8.308203e-01	1.000000e-01	1
124	8.675061e-01	1.000000e-01	1
125	8.736953e-01	1.000000e-01	1
126	7.609285e-01	1.000000e-01	1
127	7.232016e-01	1.000000e-01	1
128	6.692955e-01	1.000000e-01	1
129	6.961210e-01	1.000000e-01	1
130	7.408252e-01	1.000000e-01	1
131	6.281843e-01	1.000000e-01	1
132	6.216327e-01	1.000000e-01	1
133	5.761189e-01	1.000000e-01	1
134	5.737135e-01	1.000000e-01	1
135	6.587723e-01	1.000000e-01	1
136	6.373125e-01	1.000000e-01	1
137	5.537043e-01	1.000000e-01	1
138	4.811751e-01	1.000000e-01	1
139	4.460443e-01	1.000000e-01	1
140	4.798343e-01	1.000000e-01	1
141	5.251170e-01	1.000000e-01	1
142	5.137000e-01	1.000000e-01	1
143	5.137000e-01	1.000000e-01	0
144	5.137000e-01	1.000000e-01	0
145	5.137000e-01	1.000000e-01	0
146	5.040021e-01	1.000000e-01	1
147	5.030805e-01	1.000000e-01	1
148	4.611939e-01	1.000000e-01	1
149	4.409198e-01	1.000000e-01	1
150	4.794341e-01	1.000000e-01	1
151	4.794341e-01	1.000000e-01	0
152	5.208584e-01	1.000000e-01	1
153	5.379347e-01	1.000000e-01	1
154	5.796590e-01	1.000000e-01	1
155	6.173491e-01	1.000000e-01	1
156	7.005982e-01	1.000000e-01	1
157	7.002688e-01	1.000000e-01	1
158	7.260977e-01	1.000000e-01	1
159	6.434845e-01	1.000000e-01	1
160	6.469869e-01	1.000000e-01	1
161	6.300390e-01	1.000000e-01	1
162	6.636863e-01	1.000000e-01	1
163	6.636863e-01	1.000000e-01	0
164	6.636863e-01	1.000000e-01	0
165	7.213339e-01	1.000000e-01	1
166	6.953845e-01	1.000000e-01	1
167	7.453239e-01	1.000000e-01	1
168	7.453239e-01	1.000000e-01	0
169	6.685618e-01	1.000000e-01	1
170	7.862763e-01	1.000000e-01	1
171	8.316649e-01	1.000000e-01	1
172	8.051624e-01	1.000000e-01	1
173	8.051624e-01	1.000000e-01	0
174	8.979460e-01	1.000000e-01	1
175	7.850223e-01	1.000000e-01	1
176	7.764463e-01	1.000000e-01	1
177	7.829404e-01	1.000000e-01	1
178	8.024378e-01	1.000000e-01	1
179	8.389382e-01	1.000000e-01	1
180	7.623159e-01	1.000000e-01	1
181	7.847704e-01	1.000000e-01	1
182	7.491781e-01	1.000000e-01	1
183	8.726620e-01	1.000000e-01	1
184	9.697463e-01	1.000000e-01	1
185	1.082286e+00	1.000000e-01	1
186	1.066336e+00	1.000000e-01	1
187	1.091339e+00	1.000000e-01	1
188	1.050195e+00	1.000000e-01	1
189	1.050195e+00	1.000000e-01	0
190	1.047243e+00	1.000000e-01	1
191	1.108206e+00	1.000000e-01	1
192	1.249916e+00	1.000000e-01	1
193	1.266034e+00	1.000000e-01	1
194	1.339443e+00	1.000000e-01	1
195	1.341649e+00	1.000000e-01	1
196	1.366096e+00	1.000000e-01	1
197	1.412971e+00	1.000000e-01	1
198	1.394019e+00	1.000000e-01	1
199	1.394019e+00	1.000000e-01	0
200	1.316427e+00	1.000000e-01	1
201	1.316427e+00	1.000000e-01	0
202	1.331234e+00	1.000000e-01	1
203	1.377731e+00	1.000000e-01	1
204	1.476026e+00	1.000000e-01	1
205	1.348299e+00	1.000000e-01	1
206	1.286751e+00	1.000000e-01	1
207	1.296883e+00	1.000000e-01	1
208	1.385776e+00	1.000000e-01	1
209	1.396630e+00	1.000000e-01	1
210	1.446572e+00	1.000000e-01	1
211	1.398575e+00	1.000000e-01	1
212	1.369249e+00	1.000000e-01	1
213	1.313350e+00	1.000000e-01	1
214	1.284434e+00	1.000000e-01	1
215	1.317431e+00	1.000000e-01	1
216	1.385873e+00	1.000000e-01	1
217	1.437878e+00	1.000000e-01	1
218	1.374152e+00	1.000000e-01	1
219	1.305060e+00	1.000000e-01	1
220	1.257390e+00	1.000000e-01	1
221	1.209967e+00	1.000000e-01	1
222	1.202205e+00	1.000000e-01	1
223	1.164614e+00	1.000000e-01	1
224	1.245983e+00	1.000000e-01	1
225	1.209705e+00	1.000000e-01	1
226	1.237463e+00	1.000000e-01	1
227	1.194793e+00	1.000000e-01	1
228	1.213166e+00	1.000000e-01	1
229	1.188832e+00	1.000000e-01	1
230	1.216292e+00	1.000000e-01	1
231	1.291731e+00	1.000000e-01	1
232	1.200543e+00	1.000000e-01	1
233	1.240572e+00	1.000000e-01	1
234	1.290151e+00	1.000000e-01	1
235	1.243100e+00	1.000000e-01	1
236	1.225636e+00	1.000000e-01	1
237	1.209471e+00	1.000000e-01	1
238	1.222678e+00	1.000000e-01	1
239	1.275432e+00	1.000000e-01	1
240	1.402349e+00	1.000000e-01	1
241	1.317246e+00	1.000000e-01	1
242	1.294249e+00	1.000000e-01	1
243	1.287291e+00	1.000000e-01	1
244	1.308057e+00	1.000000e-01	1
245	1.254996e+00	1.000000e-01	1
246	1.131562e+00	1.000000e-01	1
247	1.127150e+00	1.000000e-01	1
248	1.127150e+00	1.000000e-01	0
249	1.052198e+00	1.000000e-01	1
250	1.136221e+00	1.000000e-01	1
251	1.132054e+00	1.000000e-01	1
252	1.168272e+00	1.000000e-01	1
253	1.151038e+00	1.000000e-01	1
254	1.174294e+00	1.000000e-01	1
255	1.216845e+00	1.000000e-01	1
256	1.216845e+00	1.000000e-01	0
257	1.216845e+00	1.000000e-01	0
258	1.264103e+00	1.000000e-01	1
259	1.238208e+00	1.000000e-01	1
260	1.026755e+00	1.000000e-01	1
261	1.086810e+00	1.000000e-01	1
262	1.183717e+00	1.000000e-01	1
263	1.245744e+00	1.000000e-01	1
264	1.203292e+00	1.000000e-01	1
265	1.065289e+00	1.000000e-01	1
266	1.167573e+00	1.000000e-01	1
267	1.138959e+00	1.000000e-01	1
268	1.118983e+00	1.000000e-01	1
269	1.103843e+00	1.000000e-01	1
270	1.023263e+00	1.000000e-01	1
271	1.045204e+00	1.000000e-01	1
272	1.020571e+00	1.000000e-01	1
273	1.009019e+00	1.000000e-01	1
274	1.069198e+00	1.000000e-01	1
275	1.179453e+00	1.000000e-01	1
276	1.115259e+00	1.000000e-01	1
277	1.089180e+00	1.000000e-01	1
278	1.062230e+00	1.000000e-01	1
279	1.119170e+00	1.000000e-01	1
280	1.098000e+00	1.000000e-01	1
281	1.073024e+00	1.000000e-01	1
282	1.012683e+00	1.000000e-01	1
283	9.501330e-01	1.000000e-01	1
284	9.720969e-01	1.000000e-01	1
285	1.072390e+00	1.000000e-01	1
286	1.192291e+00	1.000000e-01	1
287	1.192291e+00	1.000000e-01	0
288	1.220320e+00	1.000000e-01	1
289	1.187092e+00	1.000000e-01	1
290	1.400823e+00	1.000000e-01	1
291	1.422845e+00	1.000000e-01	1
292	1.396009e+00	1.000000e-01	1
293	1.475444e+00	1.000000e-01	1
294	1.464676e+00	1.000000e-01	1
295	1.501884e+00	1.000000e-01	1
296	1.387369e+00	1.000000e-01	1
297	1.350098e+00	1.000000e-01	1
298	1.412998e+00	1.000000e-01	1
299	1.483262e+00	1.000000e-01	1
300	1.628994e+00	1.000000e-01	1
301	1.691285e+00	1.000000e-01	1
302	1.691285e+00	1.000000e-01	0
303	1.790698e+00	1.000000e-01	1
304	1.838967e+00	1.000000e-01	1
305	1.844267e+00	1.000000e-01	1
306	1.844267e+00	1.000000e-01	0
307	1.875309e+00	1.000000e-01	1
308	1.762179e+00	1.000000e-01	1
309	1.862501e+00	1.000000e-01	1
310	1.812460e+00	1.000000e-01	1
311	1.903906e+00	1.000000e-01	1
312	1.922299e+00	1.000000e-01	1
313	1.833267e+00	1.000000e-01	1
314	1.793482e+00	1.000000e-01	1
315	1.796441e+00	1.000000e-01	1
316	1.948126e+00	1.000000e-01	1
317	1.893565e+00	1.000000e-01	1
318	1.893565e+00	1.000000e-01	0
319	1.785902e+00	1.000000e-01	1
320	1.819573e+00	1.000000e-01	1
321	1.879895e+00	1.000000e-01	1
322	1.679070e+00	1.000000e-01	1
323	1.472499e+00	1.000000e-01	1
324	1.432041e+00	1.000000e-01	1
325	1.324647e+00	1.000000e-01	1
326	1.305711e+00	1.000000e-01	1
327	1.275404e+00	1.000000e-01	1
328	1.166150e+00	1.000000e-01	1
329	1.161866e+00	1.000000e-01	1
330	1.085131e+00	1.000000e-01	1
331	1.075768e+00	1.000000e-01	1
332	1.098893e+00	1.000000e-01	1
333	1.001607e+00	1.000000e-01	1
334	1.063827e+00	1.000000e-01	1
335	1.001251e+00	1.000000e-01	1
336	1.001251e+00	1.000000e-01	0
337	9.921479e-01	1.000000e-01	1
338	9.662090e-01	1.000000e-01	1
339	9.023540e-01	1.000000e-01	1
340	8.531790e-01	1.000000e-01	1
341	8.488709e-01	1.000000e-01	1
342	8.776255e-01	1.000000e-01	1
343	8.999740e-01	1.000000e-01	1
344	9.679460e-01	1.000000e-01	1
345	9.718933e-01	1.000000e-01	1
346	9.581265e-01	1.000000e-01	1
347	9.581265e-01	1.000000e-01	0
348	8.898938e-01	1.000000e-01	1
349	8.338284e-01	1.000000e-01	1
350	8.932027e-01	1.000000e-01	1
351	9.104978e-01	1.000000e-01	1
352	8.708419e-01	1.000000e-01	1
353	9.227831e-01	1.000000e-01	1
354	9.154554e-01	1.000000e-01	1
355	9.178057e-01	1.000000e-01	1
356	8.767976e-01	1.000000e-01	1
357	8.446281e-01	1.000000e-01	1
358	8.840461e-01	1.000000e-01	1
359	9.363835e-01	1.000000e-01	1
360	9.200130e-01	1.000000e-01	1
361	9.950799e-01	1.000000e-01	1
362	1.001754e+00	1.000000e-01	1
363	1.061610e+00	1.000000e-01	1
364	1.077801e+00	1.000000e-01	1
365	1.095286e+00	1.000000e-01	1
366	1.056230e+00	1.000000e-01	1
367	1.113156e+00	1.000000e-01	1
368	1.079473e+00	1.000000e-01	1
369	1.123625e+00	1.000000e-01	1
370	1.147472e+00	1.000000e-01	1
371	1.209044e+00	1.000000e-01	1
372	1.148744e+00	1.000000e-01	1
373	1.174905e+00	1.000000e-01	1
374	1.194806e+00	1.000000e-01	1
375	1.190206e+00	1.000000e-01	1
376	1.186213e+00	1.000000e-01	1
377	1.188208e+00	1.000000e-01	1
378	1.326731e+00	1.000000e-01	1
379	1.443561e+00	1.000000e-01	1
380	1.563554e+00	1.000000e-01	1
381	1.563554e+00	1.000000e-01	0
382	1.563554e+00	1.000000e-01	0
383	1.450199e+00	1.000000e-01	1
384	1.450199e+00	1.000000e-01	0
385	1.485841e+00	1.000000e-01	1
386	1.456979e+00	1.000000e-01	1
387	1.490879e+00	1.000000e-01	1
388	1.489924e+00	1.000000e-01	1
389	1.450492e+00	1.000000e-01	1
390	1.488804e+00	1.000000e-01	1
391	1.524111e+00	1.000000e-01	1
392	1.422711e+00	1.000000e-01	1
393	1.426832e+00	1.000000e-01	1
394	1.552173e+00	1.000000e-01	1
395	1.438684e+00	1.000000e-01	1
396	1.428397e+00	1.000000e-01	1
397	1.587348e+00	1.000000e-01	1
398	1.541383e+00	1.000000e-01	1
399	1.498274e+00	1.000000e-01	1
400	1.485168e+00	1.000000e-01	1
401	1.380410e+00	1.000000e-01	1
402	1.368874e+00	1.000000e-01	1
403	1.368874e+00	1.000000e-01	0
404	1.381932e+00	1.000000e-01	1
405	1.375591e+00	1.000000e-01	1
406	1.292079e+00	1.000000e-01	1
407	1.374974e+00	1.000000e-01	1
408	1.413066e+00	1.000000e-01	1
409	1.405852e+00	1.000000e-01	1
410	1.537588e+00	1.000000e-01	1
411	1.642658e+00	1.000000e-01	1
412	1.731318e+00	1.000000e-01	1
413	1.625996e+00	1.000000e-01	1
414	1.618029e+00	1.000000e-01	1
415	1.652396e+00	1.000000e-01	1
416	1.735863e+00	1.000000e-01	1
417	1.643593e+00	1.000000e-01	1
418	1.583462e+00	1.000000e-01	1
419	1.626126e+00	1.000000e-01	1
420	1.611907e+00	1.000000e-01	1
421	1.631456e+00	1.000000e-01	1
422	1.740805e+00	1.000000e-01	1
423	1.667762e+00	1.000000e-01	1
424	1.805193e+00	1.000000e-01	1
425	1.935452e+00	1.000000e-01	1
426	1.926826e+00	1.000000e-01	1
427	1.926826e+00	1.000000e-01	0
428	1.739571e+00	1.000000e-01	1
429	1.647787e+00	1.000000e-01	1
430	1.613238e+00	1.000000e-01	1
431	1.562090e+00	1.000000e-01	1
432	1.564160e+00	1.000000e-01	1
433	1.592615e+00	1.000000e-01	1
434	1.459254e+00	1.000000e-01	1
435	1.323187e+00	1.000000e-01	1
436	1.248504e+00	1.000000e-01	1
437	1.251390e+00	1.000000e-01	1
438	1.251390e+00	1.000000e-01	0
439	1.277684e+00	1.000000e-01	1
440	1.164231e+00	1.000000e-01	1
441	1.230523e+00	1.000000e-01	1
442	1.301342e+00	1.000000e-01	1
443	1.301342e+00	1.000000e-01	0
444	1.342858e+00	1.000000e-01	1
445	1.378439e+00	1.000000e-01	1
446	1.556324e+00	1.000000e-01	1
447	1.527910e+00	1.000000e-01	1
448	1.535983e+00	1.000000e-01	1
449	1.548986e+00	1.000000e-01	1
450	1.548640e+00	1.000000e-01	1
451	1.555236e+00	1.000000e-01	1
452	1.491736e+00	1.000000e-01	1
453	1.404339e+00	1.000000e-01	1
454	1.352253e+00	1.000000e-01	1
455	1.419889e+00	1.000000e-01	1
456	1.351414e+00	1.000000e-01	1
457	1.358026e+00	1.000000e-01	1
458	1.279443e+00	1.000000e-01	1
459	1.389343e+00	1.000000e-01	1
460	1.469947e+00	1.000000e-01	1
461	1.623243e+00	1.000000e-01	1
462	1.671574e+00	1.000000e-01	1
463	1.653620e+00	1.000000e-01	1
464	1.629949e+00	1.000000e-01	1
465	1.791550e+00	1.000000e-01	1
466	1.843660e+00	1.000000e-01	1
467	1.787559e+00	1.000000e-01	1
468	1.668032e+00	1.000000e-01	1
469	1.749023e+00	1.000000e-01	1
470	1.798333e+00	1.000000e-01	1
471	1.764507e+00	1.000000e-01	1
472	1.905123e+00	1.000000e-01	1
473	1.905123e+00	1.000000e-01	0
474	2.049293e+00	1.000000e-01	1
475	2.105659e+00	1.000000e-01	1
476	2.064159e+00	1.000000e-01	1
477	1.994886e+00	1.000000e-01	1
478	2.071543e+00	1.000000e-01	1
479	2.211766e+00	1.000000e-01	1
480	2.288881e+00	1.000000e-01	1
481	2.414838e+00	1.000000e-01	1
482	2.414838e+00	1.000000e-01	0
483	2.550418e+00	1.000000e-01	1
484	2.384064e+00	1.000000e-01	1
485	2.425572e+00	1.000000e-01	1
486	2.452146e+00	1.000000e-01	1
487	2.321264e+00	1.000000e-01	1
488	2.204192e+00	1.000000e-01	1
489	2.213742e+00	1.000000e-01	1
490	2.213742e+00	1.000000e-01	0
491	2.146155e+00	1.000000e-01	1
492	2.024889e+00	1.000000e-01	1
493	2.068035e+00	1.000000e-01	1
494	2.128006e+00	1.000000e-01	1
495	2.023397e+00	1.000000e-01	1
496	2.140286e+00	1.000000e-01	1
497	2.124188e+00	1.000000e-01	1
498	2.125416e+00	1.000000e-01	1
499	2.155540e+00	1.000000e-01	1
500	2.230380e+00	1.000000e-01	1
501	2.278321e+00	1.000000e-01	1
502	2.278321e+00	1.000000e-01	0
503	2.077207e+00	1.000000e-01	1
504	2.077207e+00	1.000000e-01	0
505	2.077207e+00	1.000000e-01	0
506	2.010792e+00	1.000000e-01	1
507	2.001776e+00	1.000000e-01	1
508	1.888308e+00	1.000000e-01	1
509	1.818822e+00	1.000000e-01	1
510	1.764232e+00	1.000000e-01	1
511	1.684182e+00	1.000000e-01	1
512	1.684182e+00	1.000000e-01	0
513	1.696927e+00	1.000000e-01	1
514	1.799608e+00	1.000000e-01	1
515	1.866768e+00	1.000000e-01	1
516	1.954441e+00	1.000000e-01	1
517	1.905271e+00	1.000000e-01	1
518	1.873649e+00	1.000000e-01	1
519	1.693859e+00	1.000000e-01	1
520	1.693859e+00	1.000000e-01	0
521	1.775494e+00	1.000000e-01	1
522	1.744191e+00	1.000000e-01	1
523	1.744191e+00	1.000000e-01	0
524	1.644568e+00	1.000000e-01	1
525	1.595752e+00	1.000000e-01	1
526	1.595752e+00	1.000000e-01	0
527	1.617705e+00	1.000000e-01	1
528	1.648009e+00	1.000000e-01	1
529	1.603568e+00	1.000000e-01	1
530	1.715755e+00	1.000000e-01	1
531	1.682888e+00	1.000000e-01	1
532	1.701121e+00	1.000000e-01	1
533	1.597480e+00	1.000000e-01	1
534	1.695536e+00	1.000000e-01	1
535	1.636372e+00	1.000000e-01	1
536	1.553277e+00	1.000000e-01	1
537	1.560349e+00	1.000000e-01	1
538	1.654241e+00	1.000000e-01	1
539	1.748745e+00	1.000000e-01	1
540	1.673453e+00	1.000000e-01	1
541	1.660543e+00	1.000000e-01	1
542	1.701237e+00	1.000000e-01	1
543	1.592720e+00	1.000000e-01	1
544	1.598651e+00	1.000000e-01	1
545	1.734091e+00	1.000000e-01	1
546	1.734091e+00	1.000000e-01	0
547	1.734091e+00	1.000000e-01	0
548	1.780190e+00	1.000000e-01	1
549	1.707795e+00	1.000000e-01	1
550	1.693256e+00	1.000000e-01	1
551	1.726893e+00	1.000000e-01	1
552	1.703370e+00	1.000000e-01	1
553	1.647154e+00	1.000000e-01	1
554	1.647154e+00	1.000000e-01	0
555	1.545933e+00	1.000000e-01	1
556	1.542633e+00	1.000000e-01	1
557	1.523072e+00	1.000000e-01	1
558	1.470338e+00	1.000000e-01	1
559	1.468937e+00	1.000000e-01	1
560	1.397440e+00	1.000000e-01	1
561	1.407626e+00	1.000000e-01	1
562	1.407626e+00	1.000000e-01	0
563	1.378911e+00	1.000000e-01	1
564	1.347482e+00	1.000000e-01	1
565	1.327428e+00	1.000000e-01	1
566	1.211179e+00	1.000000e-01	1
567	1.265151e+00	1.000000e-01	1
568	1.218675e+00	1.000000e-01	1
569	1.211912e+00	1.000000e-01	1
570	1.329087e+00	1.000000e-01	1
571	1.261553e+00	1.000000e-01	1
572	1.165215e+00	1.000000e-01	1
573	1.075149e+00	1.000000e-01	1
574	1.073569e+00	1.000000e-01	1
575	1.052274e+00	1.000000e-01	1
576	1.148864e+00	1.000000e-01	1
577	1.102670e+00	1.000000e-01	1
578	1.124816e+00	1.000000e-01	1
579	1.176535e+00	1.000000e-01	1
580	1.191742e+00	1.000000e-01	1
581	1.186628e+00	1.000000e-01	1
582	1.269093e+00	1.000000e-01	1
583	1.297314e+00	1.000000e-01	1
584	1.271149e+00	1.000000e-01	1
585	1.301080e+00	1.000000e-01	1
586	1.321596e+00	1.000000e-01	1
587	1.321596e+00	1.000000e-01	0
588	1.321163e+00	1.000000e-01	1
589	1.237423e+00	1.000000e-01	1
590	1.251607e+00	1.000000e-01	1
591	1.251607e+00	1.000000e-01	0
592	1.274793e+00	1.000000e-01	1
593	1.232159e+00	1.000000e-01	1
594	1.320344e+00	1.000000e-01	1
595	1.320344e+00	1.000000e-01	0
596	1.399849e+00	1.000000e-01	1
597	1.408712e+00	1.000000e-01	1
598	1.388019e+00	1.000000e-01	1
599	1.400005e+00	1.000000e-01	1
600	1.513101e+00	1.000000e-01	1
601	1.350402e+00	1.000000e-01	1
602	1.272402e+00	1.000000e-01	1
603	1.272402e+00	1.000000e-01	0
604	1.272402e+00	1.000000e-01	0
605	1.349619e+00	1.000000e-01	1
606	1.336042e+00	1.000000e-01	1
607	1.340239e+00	1.000000e-01	1
608	1.317901e+00	1.000000e-01	1
609	1.354651e+00	1.000000e-01	1
610	1.472942e+00	1.000000e-01	1
611	1.490511e+00	1.000000e-01	1
612	1.529020e+00	1.000000e-01	1
613	1.638698e+00	1.000000e-01	1
614	1.728414e+00	1.000000e-01	1
615	1.703707e+00	1.000000e-01	1
616	1.733319e+00	1.000000e-01	1
617	1.659940e+00	1.000000e-01	1
618	1.631554e+00	1.000000e-01	1
619	1.631554e+00	1.000000e-01	0
620	1.656981e+00	1.000000e-01	1
621	1.717392e+00	1.000000e-01	1
622	1.727342e+00	1.000000e-01	1
623	1.517466e+00	1.000000e-01	1
624	1.517091e+00	1.000000e-01	1
625	1.517091e+00	1.000000e-01	0
626	1.469963e+00	1.000000e-01	1
627	1.448869e+00	1.000000e-01	1
628	1.448869e+00	1.000000e-01	0
629	1.460412e+00	1.000000e-01	1
630	1.371994e+00	1.000000e-01	1
631	1.284542e+00	1.000000e-01	1
632	1.284542e+00	1.000000e-01	0
633	1.382338e+00	1.000000e-01	1
634	1.476986e+00	1.000000e-01	1
635	1.524595e+00	1.000000e-01	1
636	1.483400e+00	1.000000e-01	1
637	1.418904e+00	1.000000e-01	1
638	1.507010e+00	1.000000e-01	1
639	1.538498e+00	1.000000e-01	1
640	1.507296e+00	1.000000e-01	1
641	1.547942e+00	1.000000e-01	1
642	1.545109e+00	1.000000e-01	1
643	1.586993e+00	1.000000e-01	1
644	1.598971e+00	1.000000e-01	1
645	1.588455e+00	1.000000e-01	1
646	1.525067e+00	1.000000e-01	1
647	1.525067e+00	1.000000e-01	0
648	1.499992e+00	1.000000e-01	1
649	1.499992e+00	1.000000e-01	0
650	1.457041e+00	1.000000e-01	1
651	1.468339e+00	1.000000e-01	1
652	1.440844e+00	1.000000e-01	1
653	1.533972e+00	1.000000e-01	1
654	1.529796e+00	1.000000e-01	1
655	1.578292e+00	1.000000e-01	1
656	1.543992e+00	1.000000e-01	1
657	1.584828e+00	1.000000e-01	1
658	1.661362e+00	1.000000e-01	1
659	1.748656e+00	1.000000e-01	1
660	1.748656e+00	1.000000e-01	0
661	1.844042e+00	1.000000e-01	1
662	1.908402e+00	1.000000e-01	1
663	1.881996e+00	1.000000e-01	1
664	1.794397e+00	1.000000e-01	1
665	1.809072e+00	1.000000e-01	1
666	1.879174e+00	1.000000e-01	1
667	1.892394e+00	1.000000e-01	1
668	1.884882e+00	1.000000e-01	1
669	1.804832e+00	1.000000e-01	1
670	1.841058e+00	1.000000e-01	1
671	1.979454e+00	1.000000e-01	1
672	1.973247e+00	1.000000e-01	1
673	2.076341e+00	1.000000e-01	1
674	2.155582e+00	1.000000e-01	1
675	2.113375e+00	1.000000e-01	1
676	2.096154e+00	1.000000e-01	1
677	2.184622e+00	1.000000e-01	1
678	2.294856e+00	1.000000e-01	1
679	2.228086e+00	1.000000e-01	1
680	2.228086e+00	1.000000e-01	0
681	2.324156e+00	1.000000e-01	1
682	2.323998e+00	1.000000e-01	1
683	2.440518e+00	1.000000e-01	1
684	2.397189e+00	1.000000e-01	1
685	2.406541e+00	1.000000e-01	1
686	2.442635e+00	1.000000e-01	1
687	2.371551e+00	1.000000e-01	1
688	2.262914e+00	1.000000e-01	1
689	2.355523e+00	1.000000e-01	1
690	2.278147e+00	1.000000e-01	1
691	2.335521e+00	1.000000e-01	1
692	2.284131e+00	1.000000e-01	1
693	2.406053e+00	1.000000e-01	1
694	2.327836e+00	1.000000e-01	1
695	2.322196e+00	1.000000e-01	1
696	2.331194e+00	1.000000e-01	1
697	2.297302e+00	1.000000e-01	1
698	2.323277e+00	1.000000e-01	1
699	2.324709e+00	1.000000e-01	1
700	2.319657e+00	1.000000e-01	1
701	2.358233e+00	1.000000e-01	1
702	2.306061e+00	1.000000e-01	1
703	2.321715e+00	1.000000e-01	1
704	2.254669e+00	1.000000e-01	1
705	2.365072e+00	1.000000e-01	1
706	2.394607e+00	1.000000e-01	1
707	2.419307e+00	1.000000e-01	1
708	2.419307e+00	1.000000e-01	0
709	2.419307e+00	1.000000e-01	0
710	2.535415e+00	1.000000e-01	1
711	2.535415e+00	1.000000e-01	0
712	2.535415e+00	1.000000e-01	0
713	2.535415e+00	1.000000e-01	0
714	2.548953e+00	1.000000e-01	1
715	2.550059e+00	1.000000e-01	1
716	2.520835e+00	1.000000e-01	1
717	2.469815e+00	1.000000e-01	1
718	2.418965e+00	1.000000e-01	1
719	2.419823e+00	1.000000e-01	1
720	2.581971e+00	1.000000e-01	1
721	2.639043e+00	1.000000e-01	1
722	2.795404e+00	1.000000e-01	1
723	2.925663e+00	1.000000e-01	1
724	3.100983e+00	1.000000e-01	1
725	3.240501e+00	1.000000e-01	1
726	3.281042e+00	1.000000e-01	1
727	3.204982e+00	1.000000e-01	1
728	3.062880e+00	1.000000e-01	1
729	3.171027e+00	1.000000e-01	1
730	3.302620e+00	1.000000e-01	1
731	3.517068e+00	1.000000e-01	1
732	3.567591e+00	1.000000e-01	1
733	3.557731e+00	1.000000e-01	1
734	3.423717e+00	1.000000e-01	1
735	3.423717e+00	1.000000e-01	0
736	3.531788e+00	1.000000e-01	1
737	3.586920e+00	1.000000e-01	1
738	3.698136e+00	1.000000e-01	1
739	3.670343e+00	1.000000e-01	1
740	3.573324e+00	1.000000e-01	1
741	3.466002e+00	1.000000e-01	1
742	3.465811e+00	1.000000e-01	1
743	3.424182e+00	1.000000e-01	1
744	3.686271e+00	1.000000e-01	1
745	3.573925e+00	1.000000e-01	1
746	3.593510e+00	1.000000e-01	1
747	3.529351e+00	1.000000e-01	1
748	3.407236e+00	1.000000e-01	1
749	3.291522e+00	1.000000e-01	1
750	3.361328e+00	1.000000e-01	1
751	3.361328e+00	1.000000e-01	0
752	3.421740e+00	1.000000e-01	1
753	3.325785e+00	1.000000e-01	1
754	3.446274e+00	1.000000e-01	1
755	3.374964e+00	1.000000e-01	1
756	3.368514e+00	1.000000e-01	1
757	3.472637e+00	1.000000e-01	1
758	3.454201e+00	1.000000e-01	1
759	3.314553e+00	1.000000e-01	1
760	3.418845e+00	1.000000e-01	1
761	3.366953e+00	1.000000e-01	1
762	3.346126e+00	1.000000e-01	1
763	3.346126e+00	1.000000e-01	0
764	3.321032e+00	1.000000e-01	1
765	3.246419e+00	1.000000e-01	1
766	3.102093e+00	1.000000e-01	1
767	3.118650e+00	1.000000e-01	1
768	3.198199e+00	1.000000e-01	1
769	3.211412e+00	1.000000e-01	1
770	3.196923e+00	1.000000e-01	1
771	3.176135e+00	1.000000e-01	1
772	3.032622e+00	1.000000e-01	1
773	3.087939e+00	1.000000e-01	1
774	3.078773e+00	1.000000e-01	1
775	2.993457e+00	1.000000e-01	1
776	2.918293e+00	1.000000e-01	1
777	3.003769e+00	1.000000e-01	1
778	3.003769e+00	1.000000e-01	0
779	3.067139e+00	1.000000e-01	1
780	3.154973e+00	1.000000e-01	1
781	3.046720e+00	1.000000e-01	1
782	3.049748e+00	1.000000e-01	1
783	3.178592e+00	1.000000e-01	1
784	3.220135e+00	1.000000e-01	1
785	3.463577e+00	1.000000e-01	1
786	3.550487e+00	1.000000e-01	1
787	3.571305e+00	1.000000e-01	1
788	3.540415e+00	1.000000e-01	1
789	3.437526e+00	1.000000e-01	1
790	3.428913e+00	1.000000e-01	1
791	3.428913e+00	1.000000e-01	0
792	3.437478e+00	1.000000e-01	1
793	3.503239e+00	1.000000e-01	1
794	3.523162e+00	1.000000e-01	1
795	3.520033e+00	1.000000e-01	1
796	3.481971e+00	1.000000e-01	1
797	3.529915e+00	1.000000e-01	1
798	3.437332e+00	1.000000e-01	1
799	3.313946e+00	1.000000e-01	1
800	3.242849e+00	1.000000e-01	1
801	3.124635e+00	1.000000e-01	1
802	3.132611e+00	1.000000e-01	1
803	3.019817e+00	1.000000e-01	1
804	3.019817e+00	1.000000e-01	0
805	3.063401e+00	1.000000e-01	1
806	3.024248e+00	1.000000e-01	1
807	3.024248e+00	1.000000e-01	0
808	3.062259e+00	1.000000e-01	1
809	3.151548e+00	1.000000e-01	1
810	2.950145e+00	1.000000e-01	1
811	3.008489e+00	1.000000e-01	1
812	3.114790e+00	1.000000e-01	1
813	3.114790e+00	1.000000e-01	0
814	3.134559e+00	1.000000e-01	1
815	3.172094e+00	1.000000e-01	1
816	3.093908e+00	1.000000e-01	1
817	3.027009e+00	1.000000e-01	1
818	2.957369e+00	1.000000e-01	1
819	3.072312e+00	1.000000e-01	1
820	3.153853e+00	1.000000e-01	1
821	3.208407e+00	1.000000e-01	1
822	3.268024e+00	1.000000e-01	1
823	3.297314e+00	1.000000e-01	1
824	3.431155e+00	1.000000e-01	1
825	3.431155e+00	1.000000e-01	0
826	3.485008e+00	1.000000e-01	1
827	3.485008e+00	1.000000e-01	0
828	3.468937e+00	1.000000e-01	1
829	3.371306e+00	1.000000e-01	1
830	3.333401e+00	1.000000e-01	1
831	3.426356e+00	1.000000e-01	1
832	3.394617e+00	1.000000e-01	1
833	3.464512e+00	1.000000e-01	1
834	3.419249e+00	1.000000e-01	1
835	3.549121e+00	1.000000e-01	1
836	3.549121e+00	1.000000e-01	0
837	3.584058e+00	1.000000e-01	1
838	3.705721e+00	1.000000e-01	1
839	3.816894e+00	1.000000e-01	1
840	3.884488e+00	1.000000e-01	1
841	3.884488e+00	1.000000e-01	0
842	3.757812e+00	1.000000e-01	1
843	3.682046e+00	1.000000e-01	1
844	3.755602e+00	1.000000e-01	1
845	3.735081e+00	1.000000e-01	1
846	3.708631e+00	1.000000e-01	1
847	3.730760e+00	1.000000e-01	1
848	3.776868e+00	1.000000e-01	1
849	4.121397e+00	1.000000e-01	1
850	4.038521e+00	1.000000e-01	1
851	3.937873e+00	1.000000e-01	1
852	3.888855e+00	1.000000e-01	1
853	3.890849e+00	1.000000e-01	1
854	3.839193e+00	1.000000e-01	1
855	3.816780e+00	1.000000e-01	1
856	3.816780e+00	1.000000e-01	0
857	3.816780e+00	1.000000e-01	0
858	3.863525e+00	1.000000e-01	1
859	3.877908e+00	1.000000e-01	1
860	3.877908e+00	1.000000e-01	0
861	4.033430e+00	1.000000e-01	1
862	3.956802e+00	1.000000e-01	1
863	3.902431e+00	1.000000e-01	1
864	4.030429e+00	1.000000e-01	1
865	4.199037e+00	1.000000e-01	1
866	4.137475e+00	1.000000e-01	1
867	4.107371e+00	1.000000e-01	1
868	3.976707e+00	1.000000e-01	1
869	4.036908e+00	1.000000e-01	1
870	4.185939e+00	1.000000e-01	1
871	4.121986e+00	1.000000e-01	1
872	4.094133e+00	1.000000e-01	1
873	4.278788e+00	1.000000e-01	1
874	4.419970e+00	1.000000e-01	1
875	4.328002e+00	1.000000e-01	1
876	4.268473e+00	1.000000e-01	1
877	4.268473e+00	1.000000e-01	0
878	4.432197e+00	1.000000e-01	1
879	4.418770e+00	1.000000e-01	1
880	4.430633e+00	1.000000e-01	1
881	4.430633e+00	1.000000e-01	0
882	4.659738e+00	1.000000e-01	1
883	4.679985e+00	1.000000e-01	1
884	4.703399e+00	1.000000e-01	1
885	4.812891e+00	1.000000e-01	1
886	4.664952e+00	1.000000e-01	1
887	4.664952e+00	1.000000e-01	0
888	4.592558e+00	1.000000e-01	1
889	4.739970e+00	1.000000e-01	1
890	4.529815e+00	1.000000e-01	1
891	4.529815e+00	1.000000e-01	0
892	4.381620e+00	1.000000e-01	1
893	4.317849e+00	1.000000e-01	1
894	4.157589e+00	1.000000e-01	1
895	4.274167e+00	1.000000e-01	1
896	4.225631e+00	1.000000e-01	1
897	4.174860e+00	1.000000e-01	1
898	4.187665e+00	1.000000e-01	1
899	4.240025e+00	1.000000e-01	1
900	4.240025e+00	1.000000e-01	0
901	4.262031e+00	1.000000e-01	1
902	4.221783e+00	1.000000e-01	1
903	4.223627e+00	1.000000e-01	1
904	3.986268e+00	1.000000e-01	1
905	4.162516e+00	1.000000e-01	1
906	4.162516e+00	1.000000e-01	0
907	3.957782e+00	1.000000e-01	1
908	3.810742e+00	1.000000e-01	1
909	3.794276e+00	1.000000e-01	1
910	3.767727e+00	1.000000e-01	1
911	3.686315e+00	1.000000e-01	1
912	3.785434e+00	1.000000e-01	1
913	3.785434e+00	1.000000e-01	0
914	3.785434e+00	1.000000e-01	0
915	3.886260e+00	1.000000e-01	1
916	3.875269e+00	1.000000e-01	1
917	3.848880e+00	1.000000e-01	1
918	3.903134e+00	1.000000e-01	1
919	3.980954e+00	1.000000e-01	1
920	3.973550e+00	1.000000e-01	1
921	4.088251e+00	1.000000e-01	1
922	4.122106e+00	1.000000e-01	1
923	4.230643e+00	1.000000e-01	1
924	4.303781e+00	1.000000e-01	1
925	4.391129e+00	1.000000e-01	1
926	4.194986e+00	1.000000e-01	1
927	4.269527e+00	1.000000e-01	1
928	4.423920e+00	1.000000e-01	1
929	4.502638e+00	1.000000e-01	1
930	4.465807e+00	1.000000e-01	1
931	4.644163e+00	1.000000e-01	1
932	4.732417e+00	1.000000e-01	1
933	4.801334e+00	1.000000e-01	1
934	4.901516e+00	1.000000e-01	1
935	4.762628e+00	1.000000e-01	1
936	4.781545e+00	1.000000e-01	1
937	4.622414e+00	1.000000e-01	1
938	4.666907e+00	1.000000e-01	1
939	4.665140e+00	1.000000e-01	1
940	4.747597e+00	1.000000e-01	1
941	4.943059e+00	1.000000e-01	1
942	4.911067e+00	1.000000e-01	1
943	4.940267e+00	1.000000e-01	1
944	5.198063e+00	1.000000e-01	1
945	5.086286e+00	1.000000e-01	1
946	5.112260e+00	1.000000e-01	1
947	5.121716e+00	1.000000e-01	1
948	5.120673e+00	1.000000e-01	1
949	5.138088e+00	1.000000e-01	1
950	5.105197e+00	1.000000e-01	1
951	5.110791e+00	1.000000e-01	1
952	5.040899e+00	1.000000e-01	1
953	5.002728e+00	1.000000e-01	1
954	5.125315e+00	1.000000e-01	1
955	5.291825e+00	1.000000e-01	1
956	5.178104e+00	1.000000e-01	1
957	5.274699e+00	1.000000e-01	1
958	5.196782e+00	1.000000e-01	1
959	5.305872e+00	1.000000e-01	1
960	5.350290e+00	1.000000e-01	1
961	5.324129e+00	1.000000e-01	1
962	5.103680e+00	1.000000e-01	1
963	4.990635e+00	1.000000e-01	1
964	4.850887e+00	1.000000e-01	1
965	5.043677e+00	1.000000e-01	1
966	4.912095e+00	1.000000e-01	1
967	4.922105e+00	1.000000e-01	1
968	4.856457e+00	1.000000e-01	1
969	4.954029e+00	1.000000e-01	1
970	4.893884e+00	1.000000e-01	1
971	4.824722e+00	1.000000e-01	1
972	4.774515e+00	1.000000e-01	1
973	4.792299e+00	1.000000e-01	1
974	4.925996e+00	1.000000e-01	1
975	4.925996e+00	1.000000e-01	0
976	4.900147e+00	1.000000e-01	1
977	4.871399e+00	1.000000e-01	1
978	4.919655e+00	1.000000e-01	1
979	4.833532e+00	1.000000e-01	1
980	4.803976e+00	1.000000e-01	1
981	4.855604e+00	1.000000e-01	1
982	4.843643e+00	1.000000e-01	1
983	4.781454e+00	1.000000e-01	1
984	4.804071e+00	1.000000e-01	1
985	4.744634e+00	1.000000e-01	1
986	4.744634e+00	1.000000e-01	0
987	4.680576e+00	1.000000e-01	1
988	4.680576e+00	1.000000e-01	0
989	4.552217e+00	1.000000e-01	1
990	4.563610e+00	1.000000e-01	1
991	4.428529e+00	1.000000e-01	1
992	4.428529e+00	1.000000e-01	0
993	4.500022e+00	1.000000e-01	1
994	4.587833e+00	1.000000e-01	1
995	4.440618e+00	1.000000e-01	1
996	4.591370e+00	1.000000e-01	1
997	4.935838e+00	1.000000e-01	1
998	4.855054e+00	1.000000e-01	1
999	4.718240e+00	1.000000e-01	1
